  0.50493498E+01
  0.46007791E+01
  0.41920586E+01
  0.38196476E+01
  0.34803205E+01
  0.31711385E+01
  0.28894231E+01
  0.26327348E+01
  0.23988497E+01
  0.21857426E+01
  0.19915673E+01
  0.18146418E+01
  0.16534339E+01
  0.15065473E+01
  0.13727098E+01
  0.12507619E+01
  0.11396477E+01
  0.10384045E+01
  0.94615549E+00
  0.86210167E+00
  0.78551495E+00
  0.71573198E+00
  0.65214825E+00
  0.59421319E+00
  0.54142493E+00
  0.49332622E+00
  0.44950047E+00
  0.40956810E+00
  0.37318319E+00
  0.34003061E+00
  0.30982322E+00
  0.28229937E+00
  0.25722066E+00
  0.23436987E+00
  0.21354911E+00
  0.19457799E+00
  0.17729221E+00
  0.16154206E+00
  0.14719111E+00
  0.13411506E+00
  0.12220064E+00
  0.11134467E+00
  0.10145312E+00
  0.92440300E-01
  0.84228158E-01
  0.76745555E-01
  0.69927692E-01
  0.63715503E-01
  0.58055196E-01
  0.52897729E-01
  0.48198439E-01
  0.43916620E-01
  0.40015187E-01
  0.36460347E-01
  0.33221308E-01
  0.30270020E-01
  0.27580913E-01
  0.25130700E-01
  0.22898156E-01
  0.20863947E-01
  0.19010451E-01
  0.17321615E-01
  0.15782811E-01
  0.14380708E-01
  0.13103165E-01
  0.11939116E-01
  0.10878477E-01
  0.99120624E-02
  0.90315025E-02
  0.82291681E-02
  0.74981116E-02
  0.68320003E-02
  0.62250639E-02
  0.56720460E-02
  0.51681567E-02
  0.47090319E-02
  0.42906944E-02
  0.39095213E-02
  0.35622099E-02
  0.00000000E+00
  0.00000000E+00
  0.00000000E+00
  0.00000000E+00
  0.00000000E+00
  0.00000000E+00
  0.00000000E+00
  0.00000000E+00
  0.00000000E+00
  0.00000000E+00
  0.00000000E+00
  0.00000000E+00
  0.00000000E+00
  0.00000000E+00
  0.00000000E+00
  0.00000000E+00
  0.00000000E+00
  0.00000000E+00
  0.00000000E+00
  0.00000000E+00
  0.00000000E+00
