               0
              19
              22
              33
              73
              87
             109
             133
             146
             173
             183
             189
             204
             208
             219
             224
             234
             240
             246
             253
             258
             262
             269
             273
             276
             283
             287
             294
             300
             300
             300
             301
             302
             309
             313
             324
             332
             346
             360
             371
             378
             389
             396
             403
             412
             416
             429
             438
             450
             464
             474
             492
             504
             510
             520
             532
             543
             551
             558
             573
             581
             583
             588
             598
             615
             630
             637
             650
             662
             673
             683
             693
             701
             709
             713
             716
             717
             724
             732
               0
               0
               0
               0
               0
               0
               0
               0
               0
               0
               0
               0
               0
               0
               0
               0
               0
               0
               0
               0
               0
