               1
             837
            1672
            2499
            3327
            4152
            4978
            5798
            6611
            7422
            8248
            9073
            9888
           10708
           11533
           12322
           13112
           13904
           14701
           15505
           16320
           17142
           17928
           18716
           19506
           20299
           21094
           21894
           22705
           23526
           24351
           25135
           25922
           26710
           27497
           28288
           29087
           29893
           30708
           31528
           32350
           33131
           33919
           34708
           35497
           36281
           37065
           37859
           38661
           39475
           40293
           41108
           41893
           42689
           43487
           44281
           45069
           45854
           46648
           47451
           48263
           49077
           49889
           50667
           51453
           52250
           53053
           53853
           54644
           55431
           56225
           57026
           57836
           58646
           59462
           60276
           61082
           61963
           62835
           63703
           64476
           65260
           66052
           66853
           67662
           68471
           69272
           70067
           70866
           71671
           72481
           73295
           74117
           74936
           75744
           76655
           77557
           78450
           79337
           80219
           81096
           81966
           82832
           83695
           84465
           85242
           86035
           86836
           87644
           88458
           89275
           90088
           90893
           91699
           92506
           93315
           94128
           94946
           95759
           96563
           97492
           98412
           99318
          100217
          101113
          102003
          102888
          103771
          104650
          105525
          106393
          107177
          107975
          108784
          109598
          110417
          111241
          112059
          112874
          113685
          114492
          115298
          116106
          116913
          117717
          118518
          119448
          120373
          121291
          122199
          123101
          123999
          124893
          125787
          126679
          127569
          128452
          129243
          130037
          130836
          131643
          132456
          133274
          134095
          134912
          135726
          136537
          137342
          138145
          138945
          139742
          140531
          141322
          142112
          143043
          143970
          144888
          145801
          146706
          147607
          148508
          149339
          150157
          150959
          151748
          152527
          153298
          154066
          154837
          155615
          156398
          157182
          157965
          158767
          159566
          160363
          161163
          161966
          162775
          163589
          164405
          165219
          166030
          166834
          167634
          168432
          169223
          170009
          170788
          171567
          172346
          173125
          174056
          174981
          175900
          176766
          177618
          178465
          179312
          180159
          181009
          181857
          182703
          183545
          184377
          185195
          185999
          186789
          187567
          188339
          189108
          189877
          190647
          191419
          192193
          192967
          193746
          194530
          195319
          196114
          196914
          197715
          198517
          199317
          200116
          200914
          201715
          202522
          203330
          204137
          204941
          205739
          206534
          207326
          208110
          208884
          209650
          210417
          211186
          211960
          212865
          213774
          214685
          215596
          216500
          217397
          218284
          219156
          220015
          220868
          221717
          222564
          223418
          224271
          225121
          225965
          226797
          227616
          228425
          229221
          230002
          230776
          231544
          232308
          233071
          233834
          234599
          235364
          236137
          236917
          237704
          238494
          239289
          240086
          240886
          241682
          242479
          243273
          244063
          244861
          245663
          246462
          247256
          248047
          248833
          249613
          250388
          251154
          251911
          252665
          253421
          254184
          255094
          256000
          256909
          257820
          258730
          259636
          260531
          261418
          262292
          263151
          264002
          264854
          265704
          266557
          267411
          268264
          269109
          269943
          270770
          271583
          272383
          273171
          273948
          274721
          275487
          276251
          277016
          277779
          278543
          279312
          280105
          280891
          281677
          282471
          283271
          284061
          284847
          285631
          286412
          287191
          287960
          288722
          289473
          290219
          290967
          291723
          292631
          293540
          294450
          295355
          296250
          297138
          298013
          298875
          299732
          300589
          301446
          302304
          303163
          304020
          304870
          305708
          306541
          307361
          308169
          308967
          309754
          310533
          311327
          312110
          312895
          313681
          314468
          315251
          316033
          316814
          317594
          318373
          319139
          319899
          320650
          321398
          322146
          322900
          323666
          324566
          325459
          326341
          327214
          328083
          328949
          329811
          330674
          331534
          332318
          333097
          333875
          334651
          335429
          336212
          336995
          337775
          338550
          339314
          340070
          340820
          341570
          342323
          343081
          343850
          344633
          345548
          346463
          347235
          348004
          348776
          349555
          350335
          351109
          351880
          352642
          353395
          354145
          354895
          355650
          356414
          357187
          357973
          358741
          359510
          360279
          361051
          361823
          362593
          363355
          364115
          364869
          365620
          366372
          367127
          367893
          368668
          369451
          370244
          371041
          371819
          372592
          373369
          374144
          374918
          375691
          376462
          377231
          377995
          378754
          379509
          380263
          381021
          381790
          382564
          383347
          384139
          384936
          385740
          386553
          387371
          388158
          388940
          389723
          390509
          391295
          392078
          392860
          393641
          394415
          395184
          395951
          396716
          397480
          398238
          399001
          399773
          400550
          401334
          402125
          402924
          403730
          404538
          405351
          406173
          407002
          407834
          408616
          409402
          410190
          410983
          411779
          412574
          413367
          414156
          414940
          415716
          416488
          417260
          418030
          418798
          419565
          420341
          421124
          421912
          422707
          423511
          424319
          425123
          425933
          426749
          427568
          428349
          429133
          429921
          430713
          431510
          432310
          433109
          433908
          434701
          435488
          436271
          437054
          437835
          438612
          439383
          440159
          440944
          441737
          442535
          443341
          444147
          444950
          445754
          446560
          447370
          448160
          448953
          449748
          450547
          451346
          452143
          452937
          453729
          454522
          455312
          456094
          456870
          457649
          458436
          459231
          460032
          460838
          461623
          462409
          463200
          463996
          464793
          465589
          466383
          467176
          467969
          468755
          469531
          470304
          471082
          471869
          472662
          473460
          474235
          475010
          475788
          476567
          477351
          478141
          478937
          479730
          480525
          481312
          482099
          482883
          483661
          484437
          485212
          485994
          486778
          487561
          488342
          489121
          489894
          490663
          491431
          492194
          492948
          493724
          494498
          495273
          496050
          496827
          497607
          498391
          499182
          499973
          500762
          501546
          502330
          503117
          503902
          504683
          505457
          506235
          507017
          507796
          508576
          509355
          510130
          510896
          511656
          512408
          513149
          513933
          514710
          515485
          516260
          517037
          517813
          518591
          519372
          520156
          520945
          521733
          522513
          523297
          524085
          524874
          525657
          526433
          527212
          527991
          528771
          529554
          530336
          531113
          531879
          532633
          533376
          534110
          534841
          535574
          536313
          537067
          537866
          538654
          539437
          540218
          540996
          541774
          542551
          543328
          544107
          544886
          545672
          546459
          547241
          548028
          548819
          549609
          550395
          551176
          551959
          552744
          553529
          554314
          555099
          555875
          556642
          557394
          558136
          558871
          559603
          560337
          561079
          561832
          562599
          563377
          564166
          564962
          565755
          566541
          567324
          568105
          568885
          569663
          570441
          571218
          572004
          572792
          573579
          574367
          575156
          575944
          576729
          577512
          578300
          579091
          579879
          580668
          581459
          582242
          583014
          583775
          584527
          585269
          586007
          586747
          587494
          588286
          589076
          589863
          590648
          591432
          592224
          593018
          593810
          594601
          595393
          596180
          596965
          597752
          598543
          599338
          600130
          600922
          601715
          602509
          603291
          604063
          604823
          605574
          606320
          607065
          607813
          608565
          609325
          610102
          610905
          611703
          612500
          613295
          614088
          614884
          615682
          616480
          617275
          618065
          618851
          619637
          620426
          621219
          622017
          622816
          623613
          624410
          625208
          626001
          626786
          627558
          628318
          629072
          629822
          630572
          631376
          632179
          632981
          633783
          634584
          635386
          636185
          636979
          637765
          638551
          639338
          640128
          640923
          641721
          642523
          643328
          644132
          644938
          645740
          646534
          647317
          648088
          648850
          649606
          650417
          651230
          652042
          652853
          653660
          654460
          655262
          656061
          656854
          657642
          658425
          659208
          659996
          660789
          661589
          662394
          663204
          664017
          664831
          665646
          666451
          667242
          668022
          668791
          669550
          670305
          671115
          671930
          672742
          673552
          674365
          675176
          675980
          676778
          677570
          678358
          679143
          679924
          680708
          681495
          682281
          683074
          683875
          684684
          685500
          686316
          687135
          687952
          688756
          689546
          690321
          691084
          691842
          692597
          693412
          694233
          695053
          695872
          696690
          697503
          698306
          699097
          699884
          700667
          701448
          702226
          703007
          703788
          704569
          705354
          706147
          706951
          707762
          708578
          709395
          710213
          711025
          711823
          712606
          713374
          714135
          714962
          715788
          716609
          717422
          718225
          719015
          719802
          720582
          721355
          722128
          722902
          723675
          724448
          725225
          726007
          726799
          727604
          728418
          729230
          730046
          730857
          731657
          732442
          733212
          733972
          734788
          735593
          736385
          737173
          737954
          738726
          739496
          740265
          741036
          741805
          742575
          743349
          744130
          744924
          745730
          746537
          747345
          748148
          748944
          749730
          750502
          751262
          752059
          752849
          753632
          754408
          755179
          755947
          756713
          757479
          758245
          759015
          759792
          760576
          761371
          762168
          762963
          763755
          764544
          765327
          766097
          766886
          767666
          768438
          769205
          769968
          770729
          771494
          772263
          773037
          773817
          774601
          775388
          776173
          776953
          777736
          778504
          779267
          780027
          780787
          781552
          782320
          783092
          783867
          784647
          785429
          786210
          786998
          787787
          788555
          789318
          790077
          790838
          791603
          792371
          793140
          793911
          794688
          795471
          796240
          797006
          797774
          798541
          799312
          800087
          800861
          801637
          802417
          803186
          803954
          804722
          805491
          806265
          807039
          807815
          808594
          809360
          810126
          810894
          811665
          812438
          813214
          813991
          814756
          815522
          816289
          817061
          817834
          818609
          819377
          820144
          820913
          821688
          822462
          823236
          824012
          824790
          825570
          826358
          827139
          827921
          828706
          829492
          830279
          831085
          831882
          832671
          833453
          834235
          835021
          835810
          836606
          837420
          838221
          839008
          839786
          840562
          841343
          842128
          842923
          843724
          844512
          845292
          846066
          846842
          847624
          848411
          849193
          850006
          850808
          851604
          852425
          853239
          854047
          854843
          855624
          856442
          857248
          858038
          858848
