  0.00000000E+00
  0.30119197E-01
  0.67257218E-01
  0.11539079E+00
  0.20166574E+00
  0.30205271E+00
  0.39697587E+00
  0.48059961E+00
  0.55412745E+00
  0.61913306E+00
  0.67587954E+00
  0.72573900E+00
  0.76755315E+00
  0.80285138E+00
  0.83340985E+00
  0.85887307E+00
  0.88044518E+00
  0.89905715E+00
  0.91513807E+00
  0.92881495E+00
  0.94024146E+00
  0.94972885E+00
  0.95760912E+00
  0.96415764E+00
  0.96960717E+00
  0.97414047E+00
  0.97789717E+00
  0.98103952E+00
  0.98364937E+00
  0.98583186E+00
  0.98764926E+00
  0.98916227E+00
  0.99042046E+00
  0.99147588E+00
  0.99234378E+00
  0.99306577E+00
  0.99367476E+00
  0.99418020E+00
  0.99461758E+00
  0.99498951E+00
  0.99530745E+00
  0.99557644E+00
  0.99579328E+00
  0.99598962E+00
  0.99615645E+00
  0.99629939E+00
  0.99641913E+00
  0.99652332E+00
  0.99661326E+00
  0.99668944E+00
  0.99675637E+00
  0.99682808E+00
  0.99688756E+00
  0.99692571E+00
  0.99696124E+00
  0.99699217E+00
  0.99702078E+00
  0.99704736E+00
  0.99707174E+00
  0.99711311E+00
  0.99713343E+00
  0.99715185E+00
  0.99716920E+00
  0.99718577E+00
  0.99720150E+00
  0.99721754E+00
  0.99723279E+00
  0.99724710E+00
  0.99726111E+00
  0.99727416E+00
  0.99728692E+00
  0.99729913E+00
  0.99731243E+00
  0.99732476E+00
  0.99733645E+00
  0.99734712E+00
  0.99735820E+00
  0.99736905E+00
  0.99737895E+00
  0.00000000E+00
  0.00000000E+00
  0.00000000E+00
  0.00000000E+00
  0.00000000E+00
  0.00000000E+00
  0.00000000E+00
  0.00000000E+00
  0.00000000E+00
  0.00000000E+00
  0.00000000E+00
  0.00000000E+00
  0.00000000E+00
  0.00000000E+00
  0.00000000E+00
  0.00000000E+00
  0.00000000E+00
  0.00000000E+00
  0.00000000E+00
  0.00000000E+00
  0.00000000E+00
