  0.52925295E+00
  0.51946729E+00
  0.50689268E+00
  0.48975226E+00
  0.45807594E+00
  0.41884083E+00
  0.37863913E+00
  0.34018427E+00
  0.30341196E+00
  0.26811638E+00
  0.23475575E+00
  0.20302972E+00
  0.17381334E+00
  0.14685443E+00
  0.12154689E+00
  0.98444074E-01
  0.77069074E-01
  0.57006270E-01
  0.38179606E-01
  0.20704210E-01
  0.46969056E-02
 -0.98801851E-02
 -0.23175955E-01
 -0.35323143E-01
 -0.46440661E-01
 -0.56611836E-01
 -0.65844595E-01
 -0.74339330E-01
 -0.82105994E-01
 -0.89274704E-01
 -0.95845163E-01
 -0.10184473E+00
 -0.10732347E+00
 -0.11239541E+00
 -0.11693174E+00
 -0.12109816E+00
 -0.12494355E+00
 -0.12844509E+00
 -0.13174647E+00
 -0.13479966E+00
 -0.13763517E+00
 -0.14024103E+00
 -0.14255434E+00
 -0.14479369E+00
 -0.14684075E+00
 -0.14871275E+00
 -0.15040255E+00
 -0.15195560E+00
 -0.15338165E+00
 -0.15468204E+00
 -0.15589786E+00
 -0.15708786E+00
 -0.15813082E+00
 -0.15900707E+00
 -0.15983564E+00
 -0.16060287E+00
 -0.16132116E+00
 -0.16199625E+00
 -0.16262126E+00
 -0.16331667E+00
 -0.16382372E+00
 -0.16430819E+00
 -0.16475827E+00
 -0.16518581E+00
 -0.16558975E+00
 -0.16599977E+00
 -0.16637218E+00
 -0.16672921E+00
 -0.16705287E+00
 -0.16737825E+00
 -0.16769600E+00
 -0.16800189E+00
 -0.16829598E+00
 -0.16857034E+00
 -0.16885000E+00
 -0.16911429E+00
 -0.16936547E+00
 -0.16961354E+00
 -0.16985863E+00
  0.00000000E+00
  0.00000000E+00
  0.00000000E+00
  0.00000000E+00
  0.00000000E+00
  0.00000000E+00
  0.00000000E+00
  0.00000000E+00
  0.00000000E+00
  0.00000000E+00
  0.00000000E+00
  0.00000000E+00
  0.00000000E+00
  0.00000000E+00
  0.00000000E+00
  0.00000000E+00
  0.00000000E+00
  0.00000000E+00
  0.00000000E+00
  0.00000000E+00
  0.00000000E+00
