             228
             229
             230
             231
             242
             243
             244
             245
             276
             277
             278
             347
             348
             349
             350
             351
             352
             279
             280
             681
             682
             683
             199
             200
             202
             203
             204
             205
             684
             744
             745
             853
             854
             136
             137
             138
             139
             140
             385
             386
             387
             388
             390
             391
             486
             487
             488
             512
             513
             514
             620
             621
             622
             623
             650
             685
             774
             878
             879
             880
             881
             882
             883
             884
             906
             907
             908
             909
             910
             495
             515
             825
             826
             110
             111
             112
             113
             114
             389
             516
             538
             539
             540
             541
             624
             746
             775
             281
             282
             283
             517
             520
             542
             595
             596
             597
             625
             776
             855
             926
             927
             928
             929
             930
             931
             932
             933
             201
             856
             411
             412
             413
             414
             430
             445
             446
             447
             489
             545
             598
             743
             777
             778
             827
             948
             949
             950
             951
             952
             953
             464
             465
             857
             417
             448
             466
             490
             493
             686
             751
             773
             798
             799
             691
             852
             649
              67
              68
              69
              70
             167
             168
             469
             470
             492
             599
             658
             803
             965
             966
             967
             968
             980
              71
              85
              86
              87
              88
              89
             779
             800
             801
             494
              45
              46
              47
             284
             451
             491
             544
             648
             651
             747
             543
             692
             804
             829
             905
             979
              34
              35
              36
             109
             285
             449
             602
             802
             850
             851
             969
             981
             752
             626
             537
             748
             904
             450
             828
             286
             603
             652
             991
             992
             993
             994
            1001
            1002
            1003
             287
             166
             415
             600
             653
             164
              25
              26
              27
             559
             562
             563
             565
             654
             716
             830
             247
             687
             753
             797
            1046
             849
             564
             714
             715
             982
            1011
             749
             561
             655
             688
             721
             722
            1047
            1054
             627
             656
             780
             903
            1055
             771
             821
             848
            1010
             246
             324
             325
             902
             162
             723
             876
             234
             326
             601
             750
              37
             233
             719
             124
             125
             432
             434
             718
             947
             576
             151
             232
             323
             983
             150
             322
             365
             366
             367
             369
             577
             126
             152
             274
             288
             580
             717
             368
             206
              72
              99
             176
             241
             657
             680
             689
             123
             149
             298
            1009
              44
              90
             141
             248
             273
             296
             297
             431
             578
             581
             875
              48
             115
             327
             518
             546
             693
             694
            1012
             127
             169
             235
             272
             364
             370
             536
             805
             820
             858
             859
             901
            1048
            1056
              17
              18
              98
             249
             289
             418
             754
             755
             846
            1017
            1019
             295
             690
             964
             207
             291
             363
             392
             547
             619
             660
             806
             819
             911
             934
             100
             300
             618
             795
             831
             886
             912
             142
             290
             353
             496
             497
             712
             832
            1053
             535
             900
            1045
             393
             484
             522
             769
             954
            1039
            1040
             116
             292
             301
             452
             659
             724
             823
              73
              91
             153
             328
             354
             371
             629
             695
             794
             346
             471
             874
             887
             170
             177
             429
             435
             523
             630
             807
             845
             924
             935
            1004
            1060
            1063
             270
             275
             293
             383
             384
             419
             696
             781
             782
             128
             226
             236
             250
             251
             329
             444
             575
             631
             860
             873
             955
              19
              28
             108
             122
             319
             372
             443
             510
             548
             574
             579
             756
             833
             984
              38
              49
             318
             373
             483
             534
             582
             661
             861
            1038
              24
             107
             208
             225
             303
             453
             509
             697
             757
             783
             822
             945
            1000
             268
             302
             317
             617
             710
             436
             498
             566
             604
             662
             808
             877
            1041
              66
             294
             330
             362
             160
             304
             632
             663
             834
             923
              74
              97
             101
             148
             252
             267
             698
             913
             985
             990
             143
             331
             409
             482
             524
             533
             557
             616
             725
             888
             936
             999
              92
             117
             209
             253
             305
             361
             374
             549
             720
             914
            1016
              43
             178
             237
             394
             573
             793
             818
             862
             154
             171
             316
             382
             499
             767
             944
              96
             306
             420
             437
             567
             583
             615
             709
             809
             835
             889
             971
             995
             165
             227
             159
             375
             442
             481
             633
             758
             784
            1013
             147
             532
             133
             355
             525
             792
            1005
             118
             129
             144
             266
             674
             863
             956
             972
            1052
            1057
              75
              93
             106
             172
             175
             307
             315
             402
             416
             480
             591
             673
             890
             937
             943
             963
            1020
             102
             155
             224
             256
             381
             395
             399
             400
             433
             699
             759
             810
             836
             915
             957
              23
              29
             360
             441
             531
             614
             635
              39
              50
             121
             197
             254
             271
             359
             427
             438
             472
             507
             590
             986
              16
              20
             158
             257
             454
             473
             550
             634
             785
             891
             922
             958
             255
             308
             309
             314
             376
             526
             556
             672
             772
             938
             989
             183
             184
             210
             408
             568
             572
             636
             916
             974
            1049
             401
             426
             479
             500
             551
             613
             864
             865
             892
             973
             182
             258
             356
             358
             766
             917
            1037
            1064
              42
             179
             407
             700
             811
             893
            1015
            1042
              65
              82
             105
             299
             223
             261
             786
            1059
             156
             181
             552
             569
             726
             727
             996
             119
             145
             263
             398
             440
             664
             735
             760
               0
               0
               0
               0
               0
               0
               0
               0
               0
               0
               0
               0
               0
               0
               0
               0
               0
               0
               0
               0
               0
               0
               0
               0
               0
               0
               0
               0
               0
               0
               0
               0
               0
               0
               0
               0
               0
               0
               0
               0
               0
               0
               0
               0
               0
               0
               0
               0
               0
               0
               0
               0
               0
               0
               0
               0
               0
               0
               0
               0
               0
               0
               0
               0
               0
               0
               0
               0
               0
               0
               0
               0
               0
               0
               0
               0
               0
               0
               0
               0
               0
               0
               0
               0
               0
               0
               0
               0
               0
               0
               0
               0
               0
               0
               0
               0
               0
               0
               0
               0
               0
               0
               0
               0
               0
               0
               0
               0
               0
               0
               0
               0
               0
               0
               0
               0
               0
               0
               0
               0
               0
               0
               0
               0
               0
               0
               0
               0
               0
               0
               0
               0
               0
               0
               0
               0
               0
               0
               0
               0
               0
               0
               0
               0
               0
               0
               0
               0
               0
               0
               0
               0
               0
               0
               0
               0
               0
               0
               0
               0
               0
               0
               0
               0
               0
               0
               0
               0
               0
               0
               0
               0
               0
               0
               0
               0
               0
               0
               0
               0
               0
               0
               0
               0
               0
               0
               0
               0
               0
               0
               0
               0
               0
               0
               0
               0
               0
               0
               0
               0
               0
               0
               0
               0
               0
               0
               0
               0
               0
               0
               0
               0
               0
               0
               0
               0
               0
               0
               0
               0
               0
               0
               0
               0
               0
               0
               0
               0
               0
               0
               0
               0
               0
               0
               0
               0
               0
               0
               0
               0
               0
               0
               0
               0
               0
               0
               0
               0
               0
               0
               0
               0
               0
               0
               0
               0
               0
               0
               0
               0
               0
               0
               0
               0
               0
               0
               0
               0
               0
               0
               0
               0
               0
               0
               0
               0
               0
               0
               0
               0
               0
               0
               0
               0
               0
               0
               0
               0
               0
               0
               0
               0
               0
               0
               0
               0
               0
               0
               0
               0
               0
               0
               0
               0
               0
               0
               0
               0
               0
               0
               0
               0
               0
               0
               0
               0
               0
               0
               0
               0
               0
               0
               0
               0
               0
               0
               0
               0
               0
               0
               0
               0
               0
               0
               0
               0
               0
               0
               0
               0
               0
               0
               0
               0
               0
               0
