  2.00000000E+00
  2.00000000E+00
  2.00000000E+00
  1.00000000E+00
  1.00000000E+00
  2.00000000E+00
  2.00000000E+00
  2.00000000E+00
  2.00000000E+00
  2.00000000E+00
  2.00000000E+00
  2.00000000E+00
  1.00000000E+00
  2.00000000E+00
  2.00000000E+00
  1.19753087E+00
  1.00000000E+00
  1.00000000E+00
  1.00000000E+00
  1.19753087E+00
  2.00000000E+00
  2.00000000E+00
  1.31640625E+00
  1.06250000E+00
  1.00000000E+00
  1.00000000E+00
  1.00000000E+00
  1.06250000E+00
  1.31640625E+00
  2.00000000E+00
  2.00000000E+00
  1.36595035E+00
  1.09525990E+00
  1.00000000E+00
  1.00000000E+00
  1.00000000E+00
  1.00000000E+00
  1.09525990E+00
  1.36595035E+00
  2.00000000E+00
  2.00000000E+00
  1.40960002E+00
  1.12960005E+00
  1.02559996E+00
  1.00000000E+00
  1.00000000E+00
  1.00000000E+00
  1.02559996E+00
  1.12960005E+00
  1.40960002E+00
  2.00000000E+00
  2.00000000E+00
  1.40960002E+00
  1.12960005E+00
  1.02559996E+00
  1.00000000E+00
  1.00000000E+00
  1.00000000E+00
  1.02559996E+00
  1.12960005E+00
  1.40960002E+00
  2.00000000E+00
  2.00000000E+00
  1.51262212E+00
  1.22971892E+00
  1.08406568E+00
  1.02188301E+00
  1.00000000E+00
  1.00000000E+00
  1.00000000E+00
  1.00000000E+00
  1.02188301E+00
  1.08406568E+00
  1.22971892E+00
  1.51262212E+00
  2.00000000E+00
  2.00000000E+00
  1.00000000E+00
  2.00000000E+00
  2.00000000E+00
  1.53977513E+00
  1.26030827E+00
  1.10662222E+00
  1.03373599E+00
  1.00000000E+00
  1.00000000E+00
  1.00000000E+00
  1.00000000E+00
  1.00000000E+00
  1.03373599E+00
  1.10662222E+00
  1.26030827E+00
  1.53977513E+00
  2.00000000E+00
  2.00000000E+00
  1.31640625E+00
  1.06250000E+00
  1.00000000E+00
  1.00000000E+00
  1.00000000E+00
  1.06250000E+00
  1.31640625E+00
  2.00000000E+00
  2.00000000E+00
  1.56416798E+00
  1.28920496E+00
  1.12960005E+00
  1.04742718E+00
  1.00000000E+00
  1.00000000E+00
  1.00000000E+00
  1.00000000E+00
  1.00000000E+00
  1.00000000E+00
  1.04742718E+00
  1.12960005E+00
  1.28920496E+00
  1.56416798E+00
  2.00000000E+00
  2.00000000E+00
  1.40960002E+00
  1.12960005E+00
  1.02559996E+00
  1.00000000E+00
  1.00000000E+00
  1.00000000E+00
  1.02559996E+00
  1.12960005E+00
  1.40960002E+00
  2.00000000E+00
  2.00000000E+00
  1.53977513E+00
  1.26030827E+00
  1.10662222E+00
  1.03373599E+00
  1.00000000E+00
  1.00000000E+00
  1.00000000E+00
  1.00000000E+00
  1.00000000E+00
  1.03373599E+00
  1.10662222E+00
  1.26030827E+00
  1.53977513E+00
  2.00000000E+00
  2.00000000E+00
  1.40960002E+00
  1.12960005E+00
  1.02559996E+00
  1.00000000E+00
  1.00000000E+00
  1.00000000E+00
  1.02559996E+00
  1.12960005E+00
  1.40960002E+00
  2.00000000E+00
  2.00000000E+00
  1.58618164E+00
  1.31640625E+00
  1.15258789E+00
  1.06250000E+00
  1.00000000E+00
  1.00000000E+00
  1.00000000E+00
  1.00000000E+00
  1.00000000E+00
  1.00000000E+00
  1.00000000E+00
  1.06250000E+00
  1.15258789E+00
  1.31640625E+00
  1.58618164E+00
  2.00000000E+00
  2.00000000E+00
  1.19753087E+00
  1.00000000E+00
  1.00000000E+00
  1.00000000E+00
  1.19753087E+00
  2.00000000E+00
  2.00000000E+00
  1.44812512E+00
  1.16399157E+00
  1.04268837E+00
  1.00000000E+00
  1.00000000E+00
  1.00000000E+00
  1.00000000E+00
  1.04268837E+00
  1.16399157E+00
  1.44812512E+00
  2.00000000E+00
  2.00000000E+00
  1.62429512E+00
  1.36595035E+00
  1.19753087E+00
  1.09525990E+00
  1.03901839E+00
  1.00000000E+00
  1.00000000E+00
  1.00000000E+00
  1.00000000E+00
  1.00000000E+00
  1.00000000E+00
  1.00000000E+00
  1.03901839E+00
  1.09525990E+00
  1.19753087E+00
  1.36595035E+00
  1.62429512E+00
  2.00000000E+00
  2.00000000E+00
  1.00000000E+00
  2.00000000E+00
  2.00000000E+00
  1.83020711E+00
  1.68301356E+00
  1.55631876E+00
  1.44812512E+00
  1.35653722E+00
  1.27976239E+00
  1.21610975E+00
  1.16399157E+00
  1.12192214E+00
  1.08851850E+00
  1.06250000E+00
  1.04268837E+00
  1.02800786E+00
  1.00000000E+00
  1.00000000E+00
  1.00000000E+00
  1.00000000E+00
  1.00000000E+00
  1.00000000E+00
  1.00000000E+00
  1.00000000E+00
  1.00000000E+00
  1.00000000E+00
  1.00000000E+00
  1.00000000E+00
  1.00000000E+00
  1.00000000E+00
  1.00000000E+00
  1.00000000E+00
  1.00000000E+00
  1.02800786E+00
  1.04268837E+00
  1.06250000E+00
  1.08851850E+00
  1.12192214E+00
  1.16399157E+00
  1.21610975E+00
  1.27976239E+00
  1.35653722E+00
  1.44812512E+00
  1.55631876E+00
  1.68301356E+00
  1.83020711E+00
  2.00000000E+00
  2.00000000E+00
  1.85212564E+00
  1.72129130E+00
  1.60613501E+00
  1.50535107E+00
  1.41769063E+00
  1.34196186E+00
  1.27702963E+00
  1.22181535E+00
  1.17529726E+00
  1.13651049E+00
  1.10454690E+00
  1.07855511E+00
  1.05774033E+00
  1.04136479E+00
  1.02874732E+00
  1.00000000E+00
  1.00000000E+00
  1.00000000E+00
  1.00000000E+00
  1.00000000E+00
  1.00000000E+00
  1.00000000E+00
  1.00000000E+00
  1.00000000E+00
  1.00000000E+00
  1.00000000E+00
  1.00000000E+00
  1.00000000E+00
  1.00000000E+00
  1.00000000E+00
  1.00000000E+00
  1.00000000E+00
  1.00000000E+00
  1.00000000E+00
  1.00000000E+00
  1.02874732E+00
  1.04136479E+00
  1.05774033E+00
  1.07855511E+00
  1.10454690E+00
  1.13651049E+00
  1.17529726E+00
  1.22181535E+00
  1.27702963E+00
  1.34196186E+00
  1.41769063E+00
  1.50535107E+00
  1.60613501E+00
  1.72129130E+00
  1.85212564E+00
  2.00000000E+00
  2.00000000E+00
  1.75138593E+00
  1.55229104E+00
  1.39565754E+00
  1.27496982E+00
  1.18425632E+00
  1.11808741E+00
  1.07157695E+00
  1.04038143E+00
  1.02070045E+00
  1.00000000E+00
  1.00000000E+00
  1.00000000E+00
  1.00000000E+00
  1.00000000E+00
  1.00000000E+00
  1.00000000E+00
  1.00000000E+00
  1.00000000E+00
  1.00000000E+00
  1.02070045E+00
  1.04038143E+00
  1.07157695E+00
  1.11808741E+00
  1.18425632E+00
  1.27496982E+00
  1.39565754E+00
  1.55229104E+00
  1.75138593E+00
  2.00000000E+00
  2.00000000E+00
  1.56416798E+00
  1.28920496E+00
  1.12960005E+00
  1.04742718E+00
  1.00000000E+00
  1.00000000E+00
  1.00000000E+00
  1.00000000E+00
  1.00000000E+00
  1.00000000E+00
  1.04742718E+00
  1.12960005E+00
  1.28920496E+00
  1.56416798E+00
  2.00000000E+00
  2.00000000E+00
  1.67009640E+00
  1.42945588E+00
  1.26030827E+00
  1.14685750E+00
  1.07528245E+00
  1.03373599E+00
  1.00000000E+00
  1.00000000E+00
  1.00000000E+00
  1.00000000E+00
  1.00000000E+00
  1.00000000E+00
  1.00000000E+00
  1.00000000E+00
  1.03373599E+00
  1.07528245E+00
  1.14685750E+00
  1.26030827E+00
  1.42945588E+00
  1.67009640E+00
  2.00000000E+00
  2.00000000E+00
  1.58618164E+00
  1.31640625E+00
  1.15258789E+00
  1.06250000E+00
  1.00000000E+00
  1.00000000E+00
  1.00000000E+00
  1.00000000E+00
  1.00000000E+00
  1.00000000E+00
  1.00000000E+00
  1.06250000E+00
  1.15258789E+00
  1.31640625E+00
  1.58618164E+00
  2.00000000E+00
  2.00000000E+00
  1.31640625E+00
  1.06250000E+00
  1.00000000E+00
  1.00000000E+00
  1.00000000E+00
  1.06250000E+00
  1.31640625E+00
  2.00000000E+00
  2.00000000E+00
  1.58618164E+00
  1.31640625E+00
  1.15258789E+00
  1.06250000E+00
  1.00000000E+00
  1.00000000E+00
  1.00000000E+00
  1.00000000E+00
  1.00000000E+00
  1.00000000E+00
  1.00000000E+00
  1.06250000E+00
  1.15258789E+00
  1.31640625E+00
  1.58618164E+00
  2.00000000E+00
  2.00000000E+00
  2.00000000E+00
  2.00000000E+00
  1.53977513E+00
  1.26030827E+00
  1.10662222E+00
  1.03373599E+00
  1.00000000E+00
  1.00000000E+00
  1.00000000E+00
  1.00000000E+00
  1.00000000E+00
  1.03373599E+00
  1.10662222E+00
  1.26030827E+00
  1.53977513E+00
  2.00000000E+00
  2.00000000E+00
  1.58618164E+00
  1.31640625E+00
  1.15258789E+00
  1.06250000E+00
  1.00000000E+00
  1.00000000E+00
  1.00000000E+00
  1.00000000E+00
  1.00000000E+00
  1.00000000E+00
  1.00000000E+00
  1.06250000E+00
  1.15258789E+00
  1.31640625E+00
  1.58618164E+00
  2.00000000E+00
  2.00000000E+00
  1.65609992E+00
  1.40960002E+00
  1.24010003E+00
  1.12960005E+00
  1.06250000E+00
  1.02559996E+00
  1.00000000E+00
  1.00000000E+00
  1.00000000E+00
  1.00000000E+00
  1.00000000E+00
  1.00000000E+00
  1.00000000E+00
  1.02559996E+00
  1.06250000E+00
  1.12960005E+00
  1.24010003E+00
  1.40960002E+00
  1.65609992E+00
  2.00000000E+00
  2.00000000E+00
  1.71639299E+00
  1.49787128E+00
  1.33362174E+00
  1.21381378E+00
  1.12960005E+00
  1.07311618E+00
  1.03748095E+00
  1.00000000E+00
  1.00000000E+00
  1.00000000E+00
  1.00000000E+00
  1.00000000E+00
  1.00000000E+00
  1.00000000E+00
  1.00000000E+00
  1.00000000E+00
  1.00000000E+00
  1.03748095E+00
  1.07311618E+00
  1.12960005E+00
  1.21381378E+00
  1.33362174E+00
  1.49787128E+00
  1.71639299E+00
  2.00000000E+00
  2.00000000E+00
  1.70606685E+00
  1.48225307E+00
  1.31640625E+00
  1.19753087E+00
  1.11578894E+00
  1.06250000E+00
  1.03014076E+00
  1.00000000E+00
  1.00000000E+00
  1.00000000E+00
  1.00000000E+00
  1.00000000E+00
  1.00000000E+00
  1.00000000E+00
  1.00000000E+00
  1.00000000E+00
  1.03014076E+00
  1.06250000E+00
  1.11578894E+00
  1.19753087E+00
  1.31640625E+00
  1.48225307E+00
  1.70606685E+00
  2.00000000E+00
  2.00000000E+00
  1.70606685E+00
  1.48225307E+00
  1.31640625E+00
  1.19753087E+00
  1.11578894E+00
  1.06250000E+00
  1.03014076E+00
  1.00000000E+00
  1.00000000E+00
  1.00000000E+00
  1.00000000E+00
  1.00000000E+00
  1.00000000E+00
  1.00000000E+00
  1.00000000E+00
  1.00000000E+00
  1.03014076E+00
  1.06250000E+00
  1.11578894E+00
  1.19753087E+00
  1.31640625E+00
  1.48225307E+00
  1.70606685E+00
  2.00000000E+00
  2.00000000E+00
  1.58618164E+00
  1.31640625E+00
  1.15258789E+00
  1.06250000E+00
  1.00000000E+00
  1.00000000E+00
  1.00000000E+00
  1.00000000E+00
  1.00000000E+00
  1.00000000E+00
  1.00000000E+00
  1.06250000E+00
  1.15258789E+00
  1.31640625E+00
  1.58618164E+00
  2.00000000E+00
  2.00000000E+00
  1.56416798E+00
  1.28920496E+00
  1.12960005E+00
  1.04742718E+00
  1.00000000E+00
  1.00000000E+00
  1.00000000E+00
  1.00000000E+00
  1.00000000E+00
  1.00000000E+00
  1.04742718E+00
  1.12960005E+00
  1.28920496E+00
  1.56416798E+00
  2.00000000E+00
  2.00000000E+00
  1.70606685E+00
  1.48225307E+00
  1.31640625E+00
  1.19753087E+00
  1.11578894E+00
  1.06250000E+00
  1.03014076E+00
  1.00000000E+00
  1.00000000E+00
  1.00000000E+00
  1.00000000E+00
  1.00000000E+00
  1.00000000E+00
  1.00000000E+00
  1.00000000E+00
  1.00000000E+00
  1.03014076E+00
  1.06250000E+00
  1.11578894E+00
  1.19753087E+00
  1.31640625E+00
  1.48225307E+00
  1.70606685E+00
  2.00000000E+00
  2.00000000E+00
  1.71639299E+00
  1.49787128E+00
  1.33362174E+00
  1.21381378E+00
  1.12960005E+00
  1.07311618E+00
  1.03748095E+00
  1.00000000E+00
  1.00000000E+00
  1.00000000E+00
  1.00000000E+00
  1.00000000E+00
  1.00000000E+00
  1.00000000E+00
  1.00000000E+00
  1.00000000E+00
  1.00000000E+00
  1.03748095E+00
  1.07311618E+00
  1.12960005E+00
  1.21381378E+00
  1.33362174E+00
  1.49787128E+00
  1.71639299E+00
  2.00000000E+00
  2.00000000E+00
  1.75883460E+00
  1.56416798E+00
  1.40960002E+00
  1.28920496E+00
  1.19753087E+00
  1.12960005E+00
  1.08090866E+00
  1.04742718E+00
  1.02559996E+00
  1.00000000E+00
  1.00000000E+00
  1.00000000E+00
  1.00000000E+00
  1.00000000E+00
  1.00000000E+00
  1.00000000E+00
  1.00000000E+00
  1.00000000E+00
  1.00000000E+00
  1.00000000E+00
  1.02559996E+00
  1.04742718E+00
  1.08090866E+00
  1.12960005E+00
  1.19753087E+00
  1.28920496E+00
  1.40960002E+00
  1.56416798E+00
  1.75883460E+00
  2.00000000E+00
  2.00000000E+00
  1.78466487E+00
  1.60613501E+00
  1.45995617E+00
  1.34196186E+00
  1.24827290E+00
  1.17529726E+00
  1.11973035E+00
  1.07855511E+00
  1.04904151E+00
  1.02874732E+00
  1.00000000E+00
  1.00000000E+00
  1.00000000E+00
  1.00000000E+00
  1.00000000E+00
  1.00000000E+00
  1.00000000E+00
  1.00000000E+00
  1.00000000E+00
  1.00000000E+00
  1.00000000E+00
  1.00000000E+00
  1.00000000E+00
  1.02874732E+00
  1.04904151E+00
  1.07855511E+00
  1.11973035E+00
  1.17529726E+00
  1.24827290E+00
  1.34196186E+00
  1.45995617E+00
  1.60613501E+00
  1.78466487E+00
  2.00000000E+00
  2.00000000E+00
  1.75138593E+00
  1.55229104E+00
  1.39565754E+00
  1.27496982E+00
  1.18425632E+00
  1.11808741E+00
  1.07157695E+00
  1.04038143E+00
  1.02070045E+00
  1.00000000E+00
  1.00000000E+00
  1.00000000E+00
  1.00000000E+00
  1.00000000E+00
  1.00000000E+00
  1.00000000E+00
  1.00000000E+00
  1.00000000E+00
  1.00000000E+00
  1.02070045E+00
  1.04038143E+00
  1.07157695E+00
  1.11808741E+00
  1.18425632E+00
  1.27496982E+00
  1.39565754E+00
  1.55229104E+00
  1.75138593E+00
  2.00000000E+00
  2.00000000E+00
  1.74346614E+00
  1.53977513E+00
  1.38111722E+00
  1.26030827E+00
  1.17078817E+00
  1.10662222E+00
  1.06250000E+00
  1.03373599E+00
  1.00000000E+00
  1.00000000E+00
  1.00000000E+00
  1.00000000E+00
  1.00000000E+00
  1.00000000E+00
  1.00000000E+00
  1.00000000E+00
  1.00000000E+00
  1.00000000E+00
  1.00000000E+00
  1.03373599E+00
  1.06250000E+00
  1.10662222E+00
  1.17078817E+00
  1.26030827E+00
  1.38111722E+00
  1.53977513E+00
  1.74346614E+00
  2.00000000E+00
  2.00000000E+00
  1.71639299E+00
  1.49787128E+00
  1.33362174E+00
  1.21381378E+00
  1.12960005E+00
  1.07311618E+00
  1.03748095E+00
  1.00000000E+00
  1.00000000E+00
  1.00000000E+00
  1.00000000E+00
  1.00000000E+00
  1.00000000E+00
  1.00000000E+00
  1.00000000E+00
  1.00000000E+00
  1.00000000E+00
  1.03748095E+00
  1.07311618E+00
  1.12960005E+00
  1.21381378E+00
  1.33362174E+00
  1.49787128E+00
  1.71639299E+00
  2.00000000E+00
  2.00000000E+00
  1.69496965E+00
  1.46569657E+00
  1.29845881E+00
  1.18090630E+00
  1.10206151E+00
  1.05231905E+00
  1.02344549E+00
  1.00000000E+00
  1.00000000E+00
  1.00000000E+00
  1.00000000E+00
  1.00000000E+00
  1.00000000E+00
  1.00000000E+00
  1.00000000E+00
  1.02344549E+00
  1.05231905E+00
  1.10206151E+00
  1.18090630E+00
  1.29845881E+00
  1.46569657E+00
  1.69496965E+00
  2.00000000E+00
  2.00000000E+00
  1.71639299E+00
  1.49787128E+00
  1.33362174E+00
  1.21381378E+00
  1.12960005E+00
  1.07311618E+00
  1.03748095E+00
  1.00000000E+00
  1.00000000E+00
  1.00000000E+00
  1.00000000E+00
  1.00000000E+00
  1.00000000E+00
  1.00000000E+00
  1.00000000E+00
  1.00000000E+00
  1.00000000E+00
  1.03748095E+00
  1.07311618E+00
  1.12960005E+00
  1.21381378E+00
  1.33362174E+00
  1.49787128E+00
  1.71639299E+00
  2.00000000E+00
  2.00000000E+00
  1.73502982E+00
  1.52657032E+00
  1.36595035E+00
  1.24522197E+00
  1.15715945E+00
  1.09525990E+00
  1.05374253E+00
  1.02754962E+00
  1.00000000E+00
  1.00000000E+00
  1.00000000E+00
  1.00000000E+00
  1.00000000E+00
  1.00000000E+00
  1.00000000E+00
  1.00000000E+00
  1.00000000E+00
  1.00000000E+00
  1.02754962E+00
  1.05374253E+00
  1.09525990E+00
  1.15715945E+00
  1.24522197E+00
  1.36595035E+00
  1.52657032E+00
  1.73502982E+00
  2.00000000E+00
  2.00000000E+00
  1.72602499E+00
  1.51262212E+00
  1.35012782E+00
  1.22971892E+00
  1.14341235E+00
  1.08406568E+00
  1.04537654E+00
  1.02188301E+00
  1.00000000E+00
  1.00000000E+00
  1.00000000E+00
  1.00000000E+00
  1.00000000E+00
  1.00000000E+00
  1.00000000E+00
  1.00000000E+00
  1.00000000E+00
  1.02188301E+00
  1.04537654E+00
  1.08406568E+00
  1.14341235E+00
  1.22971892E+00
  1.35012782E+00
  1.51262212E+00
  1.72602499E+00
  2.00000000E+00
  2.00000000E+00
  1.70606685E+00
  1.48225307E+00
  1.31640625E+00
  1.19753087E+00
  1.11578894E+00
  1.06250000E+00
  1.03014076E+00
  1.00000000E+00
  1.00000000E+00
  1.00000000E+00
  1.00000000E+00
  1.00000000E+00
  1.00000000E+00
  1.00000000E+00
  1.00000000E+00
  1.00000000E+00
  1.03014076E+00
  1.06250000E+00
  1.11578894E+00
  1.19753087E+00
  1.31640625E+00
  1.48225307E+00
  1.70606685E+00
  2.00000000E+00
  2.00000000E+00
  1.67009640E+00
  1.42945588E+00
  1.26030827E+00
  1.14685750E+00
  1.07528245E+00
  1.03373599E+00
  1.00000000E+00
  1.00000000E+00
  1.00000000E+00
  1.00000000E+00
  1.00000000E+00
  1.00000000E+00
  1.00000000E+00
  1.00000000E+00
  1.03373599E+00
  1.07528245E+00
  1.14685750E+00
  1.26030827E+00
  1.42945588E+00
  1.67009640E+00
  2.00000000E+00
  2.00000000E+00
  1.62429512E+00
  1.36595035E+00
  1.19753087E+00
  1.09525990E+00
  1.03901839E+00
  1.00000000E+00
  1.00000000E+00
  1.00000000E+00
  1.00000000E+00
  1.00000000E+00
  1.00000000E+00
  1.00000000E+00
  1.03901839E+00
  1.09525990E+00
  1.19753087E+00
  1.36595035E+00
  1.62429512E+00
  2.00000000E+00
  2.00000000E+00
  1.53977513E+00
  1.26030827E+00
  1.10662222E+00
  1.03373599E+00
  1.00000000E+00
  1.00000000E+00
  1.00000000E+00
  1.00000000E+00
  1.00000000E+00
  1.03373599E+00
  1.10662222E+00
  1.26030827E+00
  1.53977513E+00
  2.00000000E+00
  2.00000000E+00
  1.48225307E+00
  1.19753087E+00
  1.06250000E+00
  1.00000000E+00
  1.00000000E+00
  1.00000000E+00
  1.00000000E+00
  1.00000000E+00
  1.06250000E+00
  1.19753087E+00
  1.48225307E+00
  2.00000000E+00
  2.00000000E+00
  1.36595035E+00
  1.09525990E+00
  1.00000000E+00
  1.00000000E+00
  1.00000000E+00
  1.00000000E+00
  1.09525990E+00
  1.36595035E+00
  2.00000000E+00
  2.00000000E+00
  1.31640625E+00
  1.06250000E+00
  1.00000000E+00
  1.00000000E+00
  1.00000000E+00
  1.06250000E+00
  1.31640625E+00
  2.00000000E+00
  2.00000000E+00
  1.26030827E+00
  1.03373599E+00
  1.00000000E+00
  1.00000000E+00
  1.03373599E+00
  1.26030827E+00
  2.00000000E+00
  2.00000000E+00
  1.19753087E+00
  1.00000000E+00
  1.00000000E+00
  1.00000000E+00
  1.19753087E+00
  2.00000000E+00
  2.00000000E+00
  1.12960005E+00
  1.00000000E+00
  1.00000000E+00
  1.12960005E+00
  2.00000000E+00
  2.00000000E+00
  1.06250000E+00
  1.00000000E+00
  1.06250000E+00
  2.00000000E+00
  2.00000000E+00
  1.00000000E+00
  1.00000000E+00
  2.00000000E+00
  2.00000000E+00
  1.12960005E+00
  1.00000000E+00
  1.00000000E+00
  1.12960005E+00
  2.00000000E+00
  2.00000000E+00
  1.26030827E+00
  1.03373599E+00
  1.00000000E+00
  1.00000000E+00
  1.03373599E+00
  1.26030827E+00
  2.00000000E+00
  2.00000000E+00
  1.26030827E+00
  1.03373599E+00
  1.00000000E+00
  1.00000000E+00
  1.03373599E+00
  1.26030827E+00
  2.00000000E+00
  2.00000000E+00
  1.12960005E+00
  1.00000000E+00
  1.00000000E+00
  1.12960005E+00
  2.00000000E+00
  2.00000000E+00
  2.00000000E+00
  2.00000000E+00
  1.00000000E+00
  2.00000000E+00
  2.00000000E+00
  1.06250000E+00
  1.00000000E+00
  1.06250000E+00
  2.00000000E+00
  2.00000000E+00
  1.00000000E+00
  2.00000000E+00
  2.00000000E+00
